              precision    recall  f1-score   support

           1       0.73      0.65      0.69        34
           2       0.42      0.17      0.24        47
           3       0.72      0.75      0.73       344
           4       0.99      0.93      0.96       413
           5       0.45      0.46      0.45       184
           6       0.81      0.75      0.78       146
           7       0.41      0.46      0.43       256
           8       0.45      0.44      0.45        68
           9       0.55      0.72      0.62        32

    accuracy                           0.68      1524
   macro avg       0.61      0.59      0.60      1524
weighted avg       0.69      0.68      0.68      1524
